40 40
2 2 2 0 2 1 1 1 1 1 1 1 1 1 1 1 0 0 0 0 0 0 0 0 0 0 0 1 1 1 1 2 0 2 2 2 2 2 2 2 
2 1 1 1 1 1 0 3 3 3 3 3 3 3 3 3 3 0 3 3 3 3 3 3 3 3 0 0 0 0 1 1 1 0 0 0 0 2 2 2 
2 1 0 0 3 3 3 3 3 3 3 3 3 3 3 3 3 0 3 3 3 3 3 3 3 3 3 3 3 0 0 0 1 1 1 1 0 0 2 2 
2 1 0 3 3 3 3 3 3 3 3 3 3 3 3 3 3 0 3 3 3 3 3 3 3 3 3 3 3 3 3 0 0 0 0 1 1 2 2 2 
1 1 3 3 3 3 3 3 3 3 3 3 3 3 3 3 0 0 0 3 3 3 3 3 3 3 3 3 3 3 3 3 3 0 0 0 1 2 0 2 
1 0 3 3 3 3 3 3 3 3 3 3 3 3 0 0 0 0 0 0 0 0 0 3 3 3 3 3 3 3 3 3 3 0 0 0 1 1 0 2 
1 3 3 3 3 3 3 3 3 3 3 3 0 0 1 1 1 1 1 1 1 1 1 0 0 0 3 3 3 3 0 3 3 1 0 0 0 1 0 2 
1 3 3 3 3 3 3 3 3 3 3 3 1 1 1 1 1 1 1 1 1 1 1 1 1 1 0 3 3 3 0 3 3 3 3 3 0 1 1 2 
1 3 3 3 3 3 3 3 3 0 0 0 1 1 1 1 1 1 1 1 1 1 1 1 1 1 1 0 3 3 3 3 3 3 3 3 3 0 1 1 
1 3 3 3 3 3 3 3 0 1 1 1 1 1 1 1 1 0 0 0 1 1 1 1 1 1 1 1 3 3 3 3 3 3 3 3 3 3 0 0 
1 3 3 3 3 3 3 3 1 1 1 1 1 1 1 0 0 0 0 0 0 0 0 1 1 1 1 1 0 3 3 3 3 3 3 3 3 3 0 0 
0 3 3 3 3 3 3 0 1 1 1 1 1 1 1 0 0 0 0 0 0 0 0 0 1 1 1 1 1 0 3 3 3 3 3 3 3 3 0 0 
0 3 3 3 3 3 3 1 1 1 1 1 0 0 0 0 0 0 0 0 0 0 0 0 0 1 1 1 1 1 0 3 3 3 3 3 3 3 0 0 
0 0 3 3 3 3 3 1 1 1 1 0 0 0 0 1 0 0 0 0 0 0 0 0 0 1 1 1 1 1 1 0 3 3 3 3 3 3 0 0 
0 0 3 3 3 3 3 1 1 1 0 0 0 0 0 1 0 0 0 1 0 0 1 1 1 1 1 0 1 0 1 1 3 3 3 3 3 3 3 0 
0 0 0 0 0 0 0 1 0 1 1 0 0 0 0 1 1 1 1 1 1 1 1 0 0 0 0 1 1 0 0 1 3 3 3 3 3 3 3 0 
0 0 0 0 0 0 0 1 0 0 1 1 0 0 0 1 1 1 1 1 0 0 0 0 0 0 1 1 0 0 1 1 3 3 3 3 3 3 3 0 
0 0 0 0 0 0 0 1 1 0 0 1 1 0 0 0 0 0 0 0 0 0 0 0 0 0 1 0 1 1 1 0 3 3 3 3 3 3 3 0 
0 0 0 0 0 0 0 0 1 1 0 0 1 1 0 0 0 0 0 0 1 1 0 0 0 0 1 1 1 0 0 3 3 3 3 3 3 3 3 0 
0 0 0 0 0 0 0 0 0 1 1 0 0 1 1 1 1 1 1 1 1 0 0 0 1 1 1 0 0 0 3 3 3 3 3 3 3 3 3 0 
0 0 0 3 3 3 3 0 0 0 1 1 0 0 0 0 0 0 0 0 0 0 1 1 1 0 0 0 1 3 3 3 3 3 3 3 3 3 3 0 
0 0 3 3 3 3 3 3 0 0 0 1 1 1 0 0 0 0 0 0 1 1 1 0 0 0 1 3 3 3 3 3 3 3 3 3 3 3 3 0 
0 0 3 3 3 3 3 3 0 0 0 0 0 1 0 0 0 0 0 0 1 0 0 0 0 3 3 3 3 3 3 3 3 3 3 3 3 3 3 0 
0 0 3 3 3 3 3 3 3 0 0 0 0 0 0 0 0 0 0 0 0 0 0 1 3 3 3 3 3 3 3 3 3 3 3 3 3 3 0 0 
0 3 3 3 3 0 3 3 3 3 3 3 0 0 0 0 0 0 0 0 0 1 3 3 3 3 3 3 3 3 3 3 3 3 3 3 3 0 0 0 
0 3 3 3 3 0 0 3 3 3 3 3 3 3 0 0 0 0 0 0 3 3 3 3 3 3 3 3 3 3 3 3 3 3 3 3 3 0 0 0 
0 3 3 3 3 0 0 0 3 3 3 3 3 3 3 3 3 3 3 3 3 3 3 3 3 3 3 3 3 3 3 3 3 3 3 3 0 0 0 0 
0 3 3 3 3 3 0 0 0 0 0 0 0 3 3 3 3 3 3 3 3 3 3 3 3 3 3 3 3 3 3 3 3 3 3 3 0 0 0 0 
0 3 3 3 3 3 0 0 0 0 0 0 0 0 0 3 3 3 3 3 3 3 3 3 3 3 3 3 3 3 3 3 3 3 3 3 0 0 0 0 
0 3 3 3 3 3 3 0 0 0 0 0 0 0 3 3 3 3 3 3 3 3 3 3 3 3 3 3 3 3 3 3 3 3 3 0 0 0 0 0 
0 0 3 3 3 3 3 3 0 0 0 0 0 3 3 3 3 3 3 3 3 3 3 3 3 3 3 3 3 3 3 3 3 3 3 0 1 0 0 0 
0 0 3 3 3 3 3 3 3 3 3 3 3 3 3 3 3 3 3 3 3 3 3 3 3 3 3 3 3 3 3 3 3 0 0 1 0 0 0 0 
0 0 0 3 3 3 3 3 3 3 3 3 3 3 3 3 3 3 3 3 3 3 3 3 3 3 3 0 0 0 0 0 0 0 0 0 0 0 0 0 
0 0 0 3 3 3 3 3 3 3 3 3 3 3 3 3 3 3 3 3 3 3 3 3 3 3 3 0 0 0 0 1 0 0 0 0 0 0 0 2 
1 0 0 0 3 3 3 3 3 3 3 3 3 3 3 3 3 3 3 3 3 3 3 3 3 3 3 0 0 0 0 0 0 0 0 0 0 0 0 2 
1 0 0 0 0 3 3 3 3 3 3 3 3 3 3 3 3 3 3 3 3 3 3 3 3 3 0 0 0 0 0 0 0 0 0 0 0 0 0 1 
1 1 1 0 0 0 0 3 3 3 3 3 3 3 3 3 3 3 3 3 3 3 3 0 0 0 0 0 0 0 0 0 0 0 0 0 0 0 1 1 
2 0 1 1 0 0 0 0 0 0 3 3 3 3 3 3 3 3 3 3 0 0 0 0 0 0 0 0 0 0 0 0 0 0 0 0 0 1 1 2 
2 2 0 1 0 0 0 0 0 0 0 0 0 0 0 0 0 0 0 0 0 0 0 0 0 0 1 0 0 0 0 0 0 0 1 1 1 1 2 2 
2 2 2 1 1 1 1 0 0 0 0 0 0 0 0 0 0 0 0 0 0 0 0 0 0 0 0 0 0 0 0 0 2 1 1 2 0 2 2 2 
0

8
3  4  1 905
31 8  3 119
19 14 2 354
32 18 1 116
16 19 2 280
1  28 2 104
10 30 2 106
11 30 1 804
