66
1 
1 111 1 6 4 2 42 0 4 0 4 201 302 101 101 0
2
1 151 1 3 2 1 28 8 4 0 2 256 336 1 101
3
1 131 1 6 4 2 48 0 7 0 2 233 301 0
4
7 191 1 7 6 2 50 0 4 0 2 278 352 0
5
1 121 1 7 4 1 36 0 4 0 2 221 301 0
6
1 141 3 15 6 6 44 0 4 0 2 245 303 0
7
1 111 4 24 16 8 61 0 4 0 6 201 302 101 101 101 101 0
8
1 154 6 18 12 6 58 32 3 0 2 257 337 1 201
9
2 141 9 45 27 18 88 0 4 0 3 246 306 102 0
10 
1 161 10 80 69 10 151 0 5 0 5 267 356 102 102 102 0
11
1 131 12 72 60 24 138 0 7 0 2 235 306 0
12
1 154 16 32 48 16 120 69 3 0 3 258 339 805 2 202 301
13
1 131 18 126 90 36 240 0 6 0 5 236 306 102 102 102 0
14
2 151 16 48 32 16 156 100 4 0 2 258 340 3 102 105 106
15
5 111 18 126 90 50 218 0 6 0 6 205 307 103 103 103 103 0
16
1 121 23 150 115 31 294 0 4 0 3 225 319 103 0
17
4 161 23 224 132 33 320 0 5 0 5 268 347 103 103 103 0
18
1 112 1 179 137 47 280 8 5 0 5 208 310 103 103 108 0
19
5 171 2 230 176 44 343 0 7 0 2 216 311 0
20
1 132 4 237 146 60 320 0 8 0 2 239 322 0
21 
1 156 5 120 112 45 260 188 4 0 2 261 341 8 109 202 203 402 403 404 405 301
22
5 171 5 260 205 55 356 0 7 0 2 217 311 0
23
4 181 7 250 152 44 452 44 7 0 4 217 313 104 104 4 103 107 111 403
24
6 121 10 255 180 62 435 46 5 0 2 202 302 0
25
2 155 8 198 92 52 253 276 4 0 2 262 341 8 201 202 203 204 403 404 405 301
26
2 143 7 233 98 69 283 0 5 0 2 251 323 0
27
1 133 12 288 170 69 411 0 9 0 3 241 323 104 0
28
1 163 20 420 260 100 620 0 5 0 2 274 351 0
29
1 112 20 360 250 80 500 114 5 0 2 209 315 1 114
30
5 171 18 330 302 96 600 0 7 0 4 211 314 104 104 0
31
6 152 20 260 230 60 416 288 6 0 2 264 342 6 110 111 112 302 303 401
32
7 191 50 400 350 100 600 0 4 0 2 280 254 0


101
1 112 0 0 0 0 0 0 0 0 0 0
102
1 152 0 0 0 0 0 0 0 0 0 0
103
1 132 0 0 0 0 0 0 0 0 0 0
105
1 122 0 0 0 0 0 0 0 0 0 0
106
1 142 0 0 0 0 0 0 0 0 0 0
107
1 112 0 0 0 0 0 0 0 0 0 0
108
1 155 0 0 0 0 0 0 0 0 0 0
109
2 142 0 0 0 0 0 0 0 0 0 0
110
1 162 0 0 0 0 0 0 0 0 0 0
111
1 132 0 0 0 0 0 0 0 0 0 0
112
1 155 0 0 0 0 0 0 0 0 0 0
113
1 132 0 0 0 0 0 0 0 0 0 0
114
2 152 0 0 0 0 0 0 0 0 0 0
115
5 171 0 0 0 0 0 0 0 0 0 0
116
1 122 0 0 0 0 0 0 0 0 0 0
117
4 162 0 0 0 0 0 0 0 0 0 0
201
1 113 0 0 0 0 0 0 0 0 0 0
202
1 156 0 0 0 0 0 0 0 0 0 0
203
1 133 0 0 0 0 0 0 0 0 0 0
205
1 123 0 0 0 0 0 0 0 0 0 0
206
1 143 0 0 0 0 0 0 0 0 0 0
208
1 156 0 0 0 0 0 0 0 0 0 0
209
2 143 0 0 0 0 0 0 0 0 0 0
210
1 163 0 0 0 0 0 0 0 0 0 0
211
1 133 0 0 0 0 0 0 0 0 0 0
212
1 156 0 0 0 0 0 0 0 0 0 0
213
1 133 0 0 0 0 0 0 0 0 0 0
214
2 156 0 0 0 0 0 0 0 0 0 0
216
1 123 0 0 0 0 0 0 0 0 0 0
217
4 163 0 0 0 0 0 0 0 0 0 0
302
1 153 0 0 0 0 0 0 0 0 0 0


718
2 212 0 0 0 0 0 0 0 0 0 0
901
1 212 5 8 4 1 48 0 4 0 1 391 0
1016
1 121 3 8 4 1 48 0 4 0 2 221 301 0


