1 2 4 10
0 0 0 0 0 0 100 0 0 0 -1
0

2 2 4 11
0 0 0 0 0 0 100 0 0 0 0 -1
0

3 2 4 15
0 0 0 0 0 0 0 0 0 0 0 100 0 0 0 -1
0

4 2 4 11
0 0 0 0 0 0 100 0 0 0 0 -1
0

5 2 4 7
0 0 100 0 0 0 0 -1
0

6 2 4 20
0 0 0 0 0 0 0 0 0 0 0 0 0 0 0 0 100 0 0 0 -1
15

7 2 4 10
0 0 0 100 0 0 0 0 0 0 -1
0

8 2 4 11
0 0 0 0 0 0 100 0 0 0 0 -1
0

9 2 4 20
0 0 0 0 0 0 0 0 0 0 0 0 0 0 0 20 50 70 100 0 -1
15

10 2 4 16
0 0 0 0 0 0 40 0 0 0 0 0 100 0 0 0 -1
0

11 2 4 17
0 0 0 0 0 0 0 0 0 0 0 0 0 0 100 0 0 -1
0

12 2 4 11
0 0 0 0 0 0 100 0 0 0 0 -1
0

13 2 4 14
0 0 0 0 0 0 0 0 0 100 0 0 0 0 -1
0

14 2 4 10
0 0 0 0 0 100 0 0 0 0 -1
0

15 2 4 11
0 0 0 0 0 100 0 0 0 0 0 -1
0

16 2 4 6
0 0 100 0 0 0 -1
0

17 2 3 15
0 0 0 0 0 0 0 0 0 0 100 0 0 0 0 -1
0

18 2 4 15
0 0 0 0 0 0 0 0 50 0 0 0 100 0 0 -1
0

19 2 4 13
0 0 0 0 0 0 0 100 0 0 0 0 0 -1
0

20 2 4 17
0 0 0 0 10 20 30 40 50 60 70 0 0 100 0 0 0 -1
0

21 2 1 6
0 0 0 0 100 0 -1
0

22 2 4 16
0 0 0 0 0 0 0 0 100 0 0 0 0 0 0 0 -1
0

23 2 4 12
0 0 0 0 35 0 0 0 100 0 0 0 -1
0

24 2 4 13
0 0 0 40 0 0 0 0 100 0 0 0 0 -1
0

25 2 1 6
0 0 0 0 100 0 -1
0

26 2 4 25
0 0 0 0 0 0 0 0 0 0 0 0 0 0 0 0 0 0 20 45 70 100 0 0 0 -1
17

27 2 4 14
0 0 0 0 0 0 0 0 100 0 0 0 0 0 -1
0

28 2 1 20
0 0 0 0 0 0 0 0 0 0 0 100 0 0 0 0 0 0 0 0 -1
0

29 2 1 7
0 0 0 100 0 0 0 -1
0

30 2 4 11
0 0 0 0 0 0 0 100 0 0 0 -1
0

31 2 4 10
0 0 0 0 0 100 0 0 0 0 -1
0

32 2 4 9
0 0 0 100 0 0 0 0 0 -1
0

101 2 4 13
0 0 40 0 0 0 0 0 0 100 0 0 0 -1
0

102 2 4 16
0 0 0 0 0 0 0 0 0 0 100 0 0 0 0 0 -1
0

103 2 4 14
0 0 0 0 0 0 0 0 0 0 100 0 0 0 -1
0

105 2 4 8
0 0 0 100 0 0 0 0 -1
0

106 2 4 18
0 0 0 0 0 0 0 0 0 0 0 0 0 30 60 100 0 0 -1
12

107 2 4 11
0 0 0 0 0 0 100 0 0 0 0 -1
0

108 2 4 11
0 0 0 0 0 0 100 0 0 0 0 -1
0

109 2 4 22
0 0 0 0 0 0 0 0 0 0 0 0 0 0 0 0 0 0 0 100 0 0 -1
18

110 2 4 11
0 0 0 0 0 0 0 100 0 0 0 -1
0

111 2 4 14
0 0 0 0 0 0 0 0 0 0 100 0 0 0 -1
0

112 2 4 10
0 0 0 0 0 100 0 0 0 0 -1
0

113 2 4 14
0 0 0 0 0 0 0 0 100 0 0 0 0 0 -1
0

114 2 4 11
0 0 0 0 0 0 100 0 0 0 0 -1
0

115 2 4 14
0 0 0 0 0 0 0 0 50 0 100 0 0 0 -1
0

116 2 4 7
0 0 0 100 0 0 0 -1
0

117 2 4 10
0 0 0 0 100 0 0 0 0 0 -1
0

201 2 4 15
0 0 0 0 0 0 20 40 60 80 100 0 0 0 0 -1
0

202 2 4 16
0 0 0 0 0 0 0 0 0 0 100 0 0 0 0 0 -1
0

203 2 4 13
0 0 0 0 0 0 0 100 0 0 0 0 0 -1
0

205 2 4 5
0 100 0 0 0 -1
0

206 2 4 18
0 0 0 0 0 0 0 0 0 0 0 0 0 30 60 100 0 0 -1
12

208 2 4 11
0 0 0 0 0 0 100 0 0 0 0 -1
0

209 2 4 22
0 0 0 0 0 0 0 0 0 0 0 0 0 0 0 0 0 0 0 100 0 0 -1
18

210 2 4 11
0 0 0 0 0 0 0 100 0 0 0 -1
0

211 2 4 18
0 0 0 0 0 0 0 100 0 0 0 0 0 0 0 0 0 0 -1
0

212 2 4 10
0 0 0 0 0 100 0 0 0 0 -1
0

213 2 4 16
0 0 0 0 0 0 0 100 0 0 0 0 0 0 0 0 -1
0

214 2 4 11
0 0 0 0 0 0 100 0 0 0 0 -1
0

216 2 4 7
0 0 0 100 0 0 0 -1
0

217 2 4 11
0 0 0 0 0 0 0 100 0 0 0 -1
0

302 2 4 18
0 0 0 0 0 0 0 0 0 0 100 0 0 0 0 0 0 0 -1
0

701 2 4 8
0 0 0 0 0 100 0 0 -1
0

702 2 4 8
0 0 0 0 0 100 0 0 -1
0

703 2 4 7
0 0 0 0 100 0 0 -1
0

704 2 4 9
0 0 0 0 0 0 100 0 0 -1
0

705 2 4 15
0 0 0 0 0 0 0 0 0 0 100 0 0 0 0 -1
0

706 2 4 14
0 0 0 0 0 0 0 100 0 0 0 0 0 0 -1
0

707 2 4 13
0 0 0 0 0 0 100 0 0 0 0 0 0 -1
0

708 2 4 11
0 0 0 100 0 0 0 0 0 0 0 -1
0

709 2 1 12
0 0 0 0 0 0 100 0 0 0 0 0 -1
0

710 2 1 12
0 0 0 0 0 0 0 0 100 0 0 0 -1
0

711 2 1 4
0 100 0 0 -1
0

712 2 1 5
0 100 0 0 0 -1
0
713 2 4 7 
0 0 0 100 0 0 0 -1
0

714 2 4 7
0 0 0 100 0 0 0 -1
0

715 2 1 5
0 100 0 0 0 -1
0

716 2 4 15
0 0 0 0 0 0 0 0 0 0 0 100 0 0 0 -1
10

717 2 1 15
0 0 0 0 0 0 0 0 0 0 0 0 0 100 0 -1
12

719 2 4 1
0 -1
0

720 2 1 27
0 0 0 0 0 0 0 0 0 0 0 0 0 0 0 0 0 0 0 0 0 0 100 0 0 0 0 -1
0

721 2 1 9
0 0 0 0 0 100 0 0 0 -1
0

722 2 1 7
0 0 0 0 0 100 0 -1
0

723 2 1 9
0 0 0 0 0 100 0 0 0 -1
0

724 2 4 15
0 0 0 0 0 100 0 0 0 0 0 0 0 0 0 -1
0

725 2 1 10
0 0 0 60 0 0 100 0 0 0 -1
0

726 2 4 10
0 0 0 0 0 100 0 0 0 0 -1
0

727 2 1 12
0 0 0 60 0 0 0 100 0 0 0 0 -1
0

728 2 4 12
0 0 0 0 0 100 0 0 0 0 0 0 -1
0

729  2 4 12
0 0 0 0 0 100 0 0 0 0 0 0 -1
0

730 2 4 12
0 0 0 0 0 0 0 0 100 0 0 0 -1
0

732 2 4 10
0 0 0 0 0 0 0 100 0 0 -1
0

733 2 4 11
0 0 0 0 0 100 0 0 0 0 0 -1
0

734 2 4 17
0 0 0 0 0 0 0 0 100 0 0 0 0 0 0 0 0 -1
0

735 2 4 12
0 0 0 100 0 0 0 0 0 0 0 0 -1
0

736 2 1 10
0 0 0 0 0 100 0 0 0 0 -1
0

737 2 4 10
0 0 0 0 0 100 0 0 0 0 -1
0

738 2 1 11
0 0 40 0 0 0 0 100 0 0 0 -1
0

739 2 1 20
0 0 0 0 0 0 0 0 0 0 0 0 0 0 0 0 0 100 0 0 -1
16

740 2 1 21
0 0 0 0 0 0 0 0 0 0 0 0 0 0 0 100 0 0 0 0 0 -1
14

741 2 1 10
0 0 0 0 0 100 0 0 0 0 -1
0

742 2 1 10
0 0 0 0 0 100 0 0 0 0 -1
0

743 2 4 9
0 0 100 0 0 0 0 0 0 -1
0

744 2 4 10
0 0 0 0 0 0 100 0 0 0 -1
0

745 2 1 20
0 0 0 0 0 0 0 10 20 30 40 50 60 70 80 90 100 0 0 0 -1
0

746 2 1 10
0 0 0 0 0 100 0 0 0 0 -1
0

747 2 1 8
0 0 0 0 100 0 0 0 -1
0

748 2 1 19
0 0 0 0 0 0 0 0 0 0 0 0 0 0 0 0 0 100 0 -1
17

749 2 1 35
0 0 0 0 0 0 0 0 0 0 0 0 0 0 0 0 0 0 0 0 0 0 0 0 0 20 40 60 80 100 0 0 0 0 0 -1
25

750 2 4 1
0 -1
0

751 2 1 12
0 0 0 0 0 0 100 0 0 0 0 0 -1
0

752 2 4 15
0 0 0 0 20 33 40 55 65 75 90 100 0 0 0 -1
0

753 2 1 6
0 0 0 0 100 0 -1
0

754 2 4 11
0 0 0 0 0 0 0 0 100 0 0 -1
0

755 2 4 22
0 0 0 0 0 0 0 0 0 0 100 0 0 0 0 0 0 0 0 0 0 0 -1
0

756 2 4 16
0 0 0 0 0 0 10 20 40 60 80 100 0 0 0 0 -1
0

757 2 4 21
0 0 0 0 0 0 0 0 0 0 0 100 0 0 0 0 0 0 0 0 0 -1
0

758 2 4 13
0 0 0 0 0 0 50 80 100 0 0 0 0 -1
0

759 2 4 13
0 0 0 0 0 0 50 80 100 0 0 0 0 -1
0

760 2 4 13
0 0 0 0 0 0 50 80 100 0 0 0 0 -1
0

761 2 1 5
0 100 0 0 0 -1
0

763 2 1 10
0 0 0 0 0 100 0 0 0 0 -1
0

901 2 4 1
0 -1
0

-1
