36
101 1  45  49 0 90 5 0 2 0 100
102 1 108 119 0 90 5 0 6 0 200
103 1 225 248 0 90 5 1 20 0 400
104 1 451 499 0 85 5 1 42 0 800
105 1  36  39 0 90 4 1 4 0 100
106 1  90  99 0 90 4 1 15 0 200
107 1 199 219 0 80 4 2 30 0 400
108 1 405 448 0 80 4 2 60 0 800
109 1 396 439 0 99 8 0 24 0 600
110 1  72  79 0 95 0 4 18 0 200
111 1 144 159 0 95 0 6 45 0 400
112 1 307 339 0 95 0 8 80 0 800
113 1 300 350 90 99 5 1 22 0 500
114 1 300 350 70 99 1 0 22 1 500
115 1 300 350 70 99 0 2 26 1 500
116 1 300 350 70 99 4 0 24 1 500
117 1 899 999 0 50 3 0 30 0 30
118 1 721 799 0 95 5 3 76 0 500
119 1 600 800 0 90 15 0 1 0 800

301 3 1 1 50 4 2 8 0 30
302 3 1 1 50 4 2 8 0 50
303 3 1 1 50 4 2 10 0 50

201 2  63  69 100 4 0 3 0 100
202 2 126 137 100 4 1 10 0 100
203 2 235 258 100 5 2 20 0 100
204 2 454 499 100 5 3 40 0 100
205 2 732 796 100 5 3 52 0 100

401 4 1 1 100 4 2 5 0 50
402 4 1 1 100 4 2 5 0 50
403 4 1 1 100 4 2 8 0 50
404 4 1 1 100 4 2 5 0 3000
405 4 1 1 100 4 2 5 0 3000
406 4 1 1 100 3 1 20 0 500
407 4 1 1 100 5 3 28 0 500
408 4 1 1 100 5 3 46 0 500

501 4 1 1 100 5 0 20 0 100

