2 1 4
301 303 302 337
2 2 1
101
2 3 6
202 235 257 101 102 302
3 1 5
201 202 221 302 337
3 2 1
101
3 3 2
102 105
4 1 8
202 222 246 257 303 302 304 337
4 2 2
101 102
4 3 2
115 105
5 1 6
202 203 233 234 304 316
5 2 3
101 102 108
5 3 4
113 114 116 111
6 1 10
202 203 233 234 222 245 246 317 305 338
6 2 3
101 102 108 
6 3 2
103 105
7 1 12
202 203 233 234 222 223 246 257 258 304 305 317
7 2 2
101 102
7 3 4
806 808 807 809
8 1 9
203 204 234 246 224 258 305 317 338
8 2 2
101 102
8 3 4
205 236 103 105
9 1 8
204 224 235 247 268 306 318 346
9 2 2
101 102
9 3 2
103 105
10 1 8
205 224 247 258 268 306 318 339
10 2 3
101 102 108
10 3 2
111 112
11 1 8
204 205 236 237 269 307 319 346
11 2 2
101 102
11 3 2
103 105
12 1 8
205 237 223 259 269 307 319 346
12 2 2
101 102
12 3 2
103 105
13 1 8
206 237 225 248 307 319 340 346
13 2 4
102 103 108 107
13 3 2
208 239
14 1 8
206 238 225 248 309 320 340 347
14 2 4
102 103 108 107
14 3 2
103 809
15 1 8
207 238 226 249 309 320 340 347
15 2 4
102 103 108 107
15 3 2
104 106
16 1 7
207 238 226 249 309 320 341
16 2 4
102 103 108 107
16 3 4
111 112 113 114
17 1 10
216 238 226 250 260 270 310 321 341 328
17 2 4
102 103 108 107
17 3 3
104 106 251
18 1 11
218 240 227 250 260 270 310 321 341 328 348
18 2 4
102 103 108 107
18 3 2
262 106
19 1 11
218 240 227 250 260 271 311 322 341 329 348
19 2 4
102 103 108 107
19 3 2
104 106
20 1 11
218 240 227 250 261 271 311 322 342 329 349
20 2 5
102 103 104 108 107
20 3 2
104 106
21 1 11
219 240 228 251 261 273 312 323 330 342 349
21 2 5
102 103 104 108 107
21 3 2
253 274
22 1 11
219 241 228 252 261 273 312 323 343 330 350
22 2 5
102 103 104 108 107
22 3 2
104 106
26 1 11
210 242 230 253 265 275 314 325 333 345 351
26 2 4
103 104 108 107
26 3 2
104 106
27 1 11
211 243 231 254 265 276 315 326 334 345 351
27 2 2
104 106
27 3 2
104 106
-1



